169.10378170013428
163.29555082321167
160.42942225933075
156.52184116840363
153.66592919826508
151.3694795370102
149.21167027950287
146.424542427063
144.5333901643753
142.77912092208862
141.65613663196564
140.79159581661224
139.2096141576767
138.24621093273163
137.72090327739716
136.46737551689148
135.61294436454773
134.75702512264252
134.1847906112671
133.8057597875595
133.12330865859985
132.80407965183258
132.30717861652374
131.74959433078766
131.66673123836517
131.18201279640198
130.8782742023468
130.7530573606491
130.49527657032013
130.22897469997406